40
10
    58    79   128   7
     4   152   156   1
    26     6    12   5
    71    17    44   5
    10    59    86   1
    24    84    90   6
    64   212   233   3
    84     2    31   4
    59    93   107   3
    64    58    85   3
    18   194   203   2
    86   168   186   7
    12    41    55   2
    43   196   242   2
    91   223   244   2
    39   158   173   7
    14   122   149  10
    80    58    90   3
    57    19    31   1
    90   125   159   7
    74    64    77   4
    62    16    54   1
    22   222   225   4
    18   204   227   6
    58   168   214   8
    10   131   167   6
    27   189   201   2
    88   180   226   3
    52   145   191   9
    38   239   256  10
     7   234   246   3
    20    78   107   6
    79   116   125   9
     9    93   104   6
    85    85   132   3
    60    26    57   2
    13    38    77  10
     7    36    44   7
    22   201   240   8
    19   250   261   8

End Problem Specification